{
 "cells": [
  {
   "cell_type": "code",
   "execution_count": 1,
   "metadata": {},
   "outputs": [],
   "source": [
    "using Flux\n",
    "using Symbolics\n",
    "using SphericalHarmonics\n",
    "using CUDA\n",
    "using NNlib\n",
    "\n",
    "using TensorCast\n",
    "\n",
    "# Disabling slow GPU indexing\n",
    "CUDA.allowscalar(false)\n",
    "\n",
    "using BenchmarkTools\n",
    "using ProgressMeter\n",
    "\n",
    "include(\"utils.jl\")\n",
    "include(\"Spherical.jl\");"
   ]
  },
  {
   "attachments": {},
   "cell_type": "markdown",
   "metadata": {},
   "source": [
    "### Defining Data"
   ]
  },
  {
   "cell_type": "code",
   "execution_count": 4,
   "metadata": {},
   "outputs": [
    {
     "data": {
      "text/plain": [
       "4×3 Matrix{Int64}:\n",
       " 0  0  0\n",
       " 0  0  1\n",
       " 1  0  0\n",
       " 1  1  0"
      ]
     },
     "execution_count": 4,
     "metadata": {},
     "output_type": "execute_result"
    }
   ],
   "source": [
    "# Define Tetris Shapes\n",
    "tetris = [[0 0 0; 0 0 1; 1 0 0; 1 1 0],  # chiral_shape_1\n",
    "          [0 0 0; 0 0 1; 1 0 0; 1 -1 0], # chiral_shape_2\n",
    "          [0 0 0; 1 0 0; 0 1 0; 1 1 0],  # square\n",
    "          [0 0 0; 0 0 1; 0 0 2; 0 0 3],  # line\n",
    "          [0 0 0; 0 0 1; 0 1 0; 1 0 0],  # corner\n",
    "          [0 0 0; 0 0 1; 0 0 2; 0 1 0],  # T\n",
    "          [0 0 0; 0 0 1; 0 0 2; 0 1 1],  # zigzag\n",
    "          [0 0 0; 1 0 0; 1 1 0; 2 1 0]]  # L"
   ]
  },
  {
   "attachments": {},
   "cell_type": "markdown",
   "metadata": {},
   "source": [
    "### Testing Network Definition"
   ]
  },
  {
   "cell_type": "code",
   "execution_count": 5,
   "metadata": {},
   "outputs": [],
   "source": [
    "include(\"TFNLayers.jl\")"
   ]
  },
  {
   "cell_type": "code",
   "execution_count": 5,
   "metadata": {},
   "outputs": [
    {
     "data": {
      "text/plain": [
       "RLayer{CuArray{Float32, 1, CUDA.Mem.DeviceBuffer}, Vector{Float32}, Float32}(Float32[-0.48342064, -0.5924541, -0.46601388, -0.4184361], Float32[0.0, 1.1666666, 2.3333333, 3.5], 0.875f0)"
      ]
     },
     "execution_count": 5,
     "metadata": {},
     "output_type": "execute_result"
    }
   ],
   "source": [
    "# testing R\n",
    "centers = range(0f0, 3.5f0; length=4) |> collect\n",
    "r_test = RLayer(centers) |> gpu"
   ]
  },
  {
   "cell_type": "code",
   "execution_count": 24,
   "metadata": {},
   "outputs": [
    {
     "data": {
      "text/plain": [
       "4×100×5 CuArray{Float32, 3, CUDA.Mem.DeviceBuffer}:\n",
       "[:, :, 1] =\n",
       " -0.0203455  -0.0605927   0.0964717  …   0.0292929  -0.679569   -0.416552\n",
       " -0.134659    0.214497    0.0648599     -0.0244393   0.0165871  -0.359965\n",
       " -0.563291   -0.381318   -0.369426      -0.249671   -0.2314      0.22246\n",
       " -0.105303   -0.596185   -0.615504      -0.578781    0.0707832  -0.269542\n",
       "\n",
       "[:, :, 2] =\n",
       " -0.170749    0.027444   0.29558    …   0.319952  -0.673482  -0.32275\n",
       "  0.123802    0.100373  -0.0630427     -0.292839   0.174428   0.0463389\n",
       " -0.425657   -0.199426  -0.0284927     -0.256734   0.266216   0.0555241\n",
       "  0.0608048  -0.34019   -0.615844      -0.182178  -0.178961  -0.190913\n",
       "\n",
       "[:, :, 3] =\n",
       " -0.217043    0.0893105   0.314773  …   0.373602  -0.506208  -0.172507\n",
       "  0.32785     0.0617457  -0.107808     -0.337114   0.239798   0.336949\n",
       " -0.198522   -0.10526     0.236678     -0.156087   0.540715  -0.0072757\n",
       "  0.0877144  -0.0457968  -0.443643      0.119599  -0.274306  -0.157166\n",
       "\n",
       "[:, :, 4] =\n",
       " -0.223508   0.134788    0.276203  …   0.358694   -0.246042   0.00939073\n",
       "  0.471736   0.0117881  -0.132789     -0.319527    0.261164   0.565728\n",
       "  0.0650432  0.0082227   0.458418     -0.0267974   0.715991  -0.0687404\n",
       "  0.098528   0.257      -0.190032      0.399429   -0.319314  -0.0945793\n",
       "\n",
       "[:, :, 5] =\n",
       " -0.156869   0.133514   0.160539  …   0.275752   0.266252   0.2757\n",
       "  0.402348  -0.164082  -0.152884     -0.250813   0.179207   0.635083\n",
       "  0.401199   0.295374   0.562673      0.122227   0.672892  -0.228401\n",
       "  0.176921   0.558792   0.253271      0.676433  -0.294753   0.141216"
      ]
     },
     "execution_count": 24,
     "metadata": {},
     "output_type": "execute_result"
    }
   ],
   "source": [
    "n_samples = 100\n",
    "n_points = 4\n",
    "ℓi, ℓf, ℓos = 2, 1, [2]\n",
    "total_out = sum(2ℓo + 1 for ℓo in ℓos)\n",
    "\n",
    "centers = range(0f0, 3.5f0; length=4) |> collect\n",
    "c_test = CLayer(ℓi, ℓf, ℓos, centers) |> gpu\n",
    "\n",
    "xs = rand(Float32, (n_points, 3, n_samples))\n",
    "xss = pairwise_rs(xs)\n",
    "rss = cart_to_sph(xss) |> gpu\n",
    "\n",
    "V = ones(Float32, (2ℓi+1, n_points, n_samples)) |> gpu\n",
    "#V = ones(Float32, (1, 4))\n",
    "outs_fake = rand(Float32, (n_points, n_samples, total_out)) |> gpu\n",
    "\n",
    "C_out = c_test(rss, V)"
   ]
  },
  {
   "cell_type": "code",
   "execution_count": 9,
   "metadata": {},
   "outputs": [
    {
     "name": "stderr",
     "output_type": "stream",
     "text": [
      "\u001b[32mProgress: 100%|█████████████████████████████████████████| Time: 0:00:09\u001b[39m\n"
     ]
    }
   ],
   "source": [
    "optim = Flux.setup(Flux.Adam(0.1), c_test)\n",
    "\n",
    "losses = []\n",
    "@showprogress for epoch in 1:400\n",
    "    loss, grads = Flux.withgradient(c_test) do f\n",
    "        # Evaluate model and loss inside gradient context:\n",
    "        y_hat = f(rss, V)\n",
    "        Flux.mse(y_hat, outs_fake)\n",
    "    end\n",
    "    Flux.update!(optim, c_test, grads[1])\n",
    "    push!(losses, loss)\n",
    "end"
   ]
  },
  {
   "attachments": {},
   "cell_type": "markdown",
   "metadata": {},
   "source": [
    "### Testing Increasing Dimensionality"
   ]
  },
  {
   "cell_type": "code",
   "execution_count": 3,
   "metadata": {},
   "outputs": [
    {
     "data": {
      "text/plain": [
       "4×4×6×5 CuArray{Float32, 4, CUDA.Mem.DeviceBuffer}:\n",
       "[:, :, 1, 1] =\n",
       " -0.0          0.00754981  -0.0499345  -0.116065\n",
       "  0.00754981  -0.0         -0.213974   -0.329704\n",
       " -0.0499345   -0.213974    -0.0         0.545569\n",
       " -0.116065    -0.329704     0.545569   -0.0\n",
       "\n",
       "[:, :, 2, 1] =\n",
       " -0.0        0.232802   0.160161    0.262934\n",
       "  0.232802  -0.0       -0.229806    0.456423\n",
       "  0.160161  -0.229806  -0.0         0.00174865\n",
       "  0.262934   0.456423   0.0017487  -0.0\n",
       "\n",
       "[:, :, 3, 1] =\n",
       " -0.0        -0.370857   0.226216    -0.0809055\n",
       " -0.370857   -0.0       -0.503037    -0.22966\n",
       "  0.226216   -0.503037  -0.0          0.00735487\n",
       " -0.0809054  -0.22966    0.00735485  -0.0\n",
       "\n",
       "[:, :, 4, 1] =\n",
       " -0.0       -0.11373     0.145963   0.258541\n",
       " -0.11373   -0.0         0.113866  -0.0867647\n",
       "  0.145963   0.113866   -0.0        0.141403\n",
       "  0.258541  -0.0867647   0.141403  -0.0\n",
       "\n",
       "[:, :, 5, 1] =\n",
       " -0.0        0.166011  -0.113239   0.15408\n",
       "  0.166011  -0.0        0.425438  -0.265191\n",
       " -0.113239   0.425438  -0.0        0.450372\n",
       "  0.15408   -0.265191   0.450372  -0.0\n",
       "\n",
       "[:, :, 6, 1] =\n",
       " -0.0        0.130746   -0.553958   -0.55348\n",
       "  0.130746  -0.0        -0.0236442   0.0446081\n",
       " -0.553958  -0.0236441  -0.0         0.104389\n",
       " -0.55348    0.0446081   0.104389   -0.0\n",
       "\n",
       "[:, :, 1, 2] =\n",
       "  0.0         0.0440398  -0.0989317  -0.343865\n",
       "  0.0440399   0.0        -0.205881   -0.484191\n",
       " -0.0989317  -0.205881    0.0         0.239383\n",
       " -0.343865   -0.484191    0.239383    0.0\n",
       "\n",
       "[:, :, 2, 2] =\n",
       "  0.0       -0.409888  -0.335243     -0.30574\n",
       " -0.409888   0.0        0.23382      -0.17016\n",
       " -0.335243   0.23382    0.0          -0.000978819\n",
       " -0.30574   -0.17016   -0.000978845   0.0\n",
       "\n",
       "[:, :, 3, 2] =\n",
       "  0.0        0.14923   -0.468468    -0.182065\n",
       "  0.14923    0.0       -0.202335    -0.174967\n",
       " -0.468468  -0.202335   0.0          0.00721453\n",
       " -0.182065  -0.174967   0.00721451   0.0\n",
       "\n",
       "[:, :, 4, 2] =\n",
       "  0.0        0.463575  -0.416647  -0.423038\n",
       "  0.463575   0.0       -0.341982   0.215508\n",
       " -0.416647  -0.341982   0.0       -0.464406\n",
       " -0.423038   0.215508  -0.464406   0.0\n",
       "\n",
       "[:, :, 5, 2] =\n",
       "  0.0       -0.177267   0.529402  -0.137167\n",
       " -0.177267   0.0       -0.224481  -0.502218\n",
       "  0.529402  -0.224481   0.0       -0.163129\n",
       " -0.137167  -0.502218  -0.163129   0.0\n",
       "\n",
       "[:, :, 6, 2] =\n",
       "  0.0       -0.3974     0.189484    0.164832\n",
       " -0.3974     0.0        0.0340704  -0.0622461\n",
       "  0.189484   0.0340704  0.0         0.124179\n",
       "  0.164831  -0.0622461  0.124179    0.0\n",
       "\n",
       "[:, :, 1, 3] =\n",
       " -0.711469  -0.643691   -0.39365   -0.388167\n",
       " -0.643691  -0.711469   -0.117377   0.0452996\n",
       " -0.39365   -0.117378   -0.711469   0.287742\n",
       " -0.388167   0.0452995   0.287742  -0.711469\n",
       "\n",
       "[:, :, 2, 3] =\n",
       " -0.711469   -0.139168   0.106601    0.0456502\n",
       " -0.139168   -0.711469   0.287216    0.296927\n",
       "  0.1066      0.287216  -0.711469    0.0970911\n",
       "  0.0456503   0.296927   0.0970912  -0.711469\n",
       "\n",
       "[:, :, 3, 3] =\n",
       " -0.711469   0.207179   -0.262908  -0.36682\n",
       "  0.207179  -0.711469    0.268988   0.0121537\n",
       " -0.262908   0.268988   -0.711469  -0.138683\n",
       " -0.36682    0.0121537  -0.138683  -0.711469\n",
       "\n",
       "[:, :, 4, 3] =\n",
       " -0.711469    0.156149  -0.0915902   0.191237\n",
       "  0.156149   -0.711469  -0.3052     -0.522433\n",
       " -0.0915902  -0.3052    -0.711469   -0.200015\n",
       "  0.191237   -0.522433  -0.200015   -0.711469\n",
       "\n",
       "[:, :, 5, 3] =\n",
       " -0.711469   -0.123787  -0.294562  -0.0683236\n",
       " -0.123786   -0.711469   0.177467  -0.229151\n",
       " -0.294562    0.177467  -0.711469   0.22338\n",
       " -0.0683236  -0.229151   0.22338   -0.711469\n",
       "\n",
       "[:, :, 6, 3] =\n",
       " -0.711469  -0.375584   0.291724   0.292187\n",
       " -0.375584  -0.711469  -0.29742   -0.282837\n",
       "  0.291724  -0.29742   -0.711469   0.34662\n",
       "  0.292187  -0.282837   0.34662   -0.711469\n",
       "\n",
       "[:, :, 1, 4] =\n",
       "  0.0       -0.194129  -0.397966  -0.267353\n",
       " -0.194129   0.0       -0.549932  -0.233488\n",
       " -0.397966  -0.549932   0.0       -0.173205\n",
       " -0.267353  -0.233488  -0.173205   0.0\n",
       "\n",
       "[:, :, 2, 4] =\n",
       " 0.0        0.279028   0.0804314  0.186386\n",
       " 0.279028   0.0        0.0512307  0.09115\n",
       " 0.0804314  0.0512307  0.0        0.504255\n",
       " 0.186386   0.09115    0.504255   0.0\n",
       "\n",
       "[:, :, 3, 4] =\n",
       "  0.0        0.326114   0.335294  -0.324459\n",
       "  0.326114   0.0       -0.14965   -0.347819\n",
       "  0.335294  -0.14965    0.0       -0.509893\n",
       " -0.324459  -0.347819  -0.509893   0.0\n",
       "\n",
       "[:, :, 4, 4] =\n",
       " 0.0        0.0543267  0.140173  0.11342\n",
       " 0.0543267  0.0        0.217843  0.406516\n",
       " 0.140173   0.217843   0.0       0.171676\n",
       " 0.11342    0.406516   0.171676  0.0\n",
       "\n",
       "[:, :, 5, 4] =\n",
       " 0.0        0.416529  0.154231   0.434218\n",
       " 0.416529   0.0       0.223743  -0.357746\n",
       " 0.154231   0.223743  0.0        0.194471\n",
       " 0.434218  -0.357746  0.194471   0.0\n",
       "\n",
       "[:, :, 6, 4] =\n",
       " 0.0       0.260907   0.162092    0.20645\n",
       " 0.260907  0.0        0.471674    0.47519\n",
       " 0.162092  0.471674   0.0        -0.0106505\n",
       " 0.20645   0.47519   -0.0106505   0.0\n",
       "\n",
       "[:, :, 1, 5] =\n",
       " -0.0        -0.0157836  -0.0942272   0.0295205\n",
       " -0.0157836  -0.0        -0.245721    0.262363\n",
       " -0.0942272  -0.245721   -0.0         0.179635\n",
       "  0.0295205   0.262363    0.179635   -0.0\n",
       "\n",
       "[:, :, 2, 5] =\n",
       " -0.0         0.0917521   0.314568   0.135509\n",
       "  0.0917521  -0.0         0.499248   0.303782\n",
       "  0.314568    0.499248   -0.0       -0.450423\n",
       "  0.135509    0.303782   -0.450423  -0.0\n",
       "\n",
       "[:, :, 3, 5] =\n",
       " -0.0        -0.320366   0.0770783  -0.0493918\n",
       " -0.320366   -0.0        0.154041   -0.170508\n",
       "  0.0770783   0.154041  -0.0        -0.259854\n",
       " -0.0493918  -0.170508  -0.259854   -0.0\n",
       "\n",
       "[:, :, 4, 5] =\n",
       " -0.0        0.478571    0.192375    0.447498\n",
       "  0.478571  -0.0         0.0531103  -0.0588345\n",
       "  0.192375   0.0531103  -0.0         0.165121\n",
       "  0.447498  -0.0588345   0.165121   -0.0\n",
       "\n",
       "[:, :, 5, 5] =\n",
       " -0.0       -0.159715     0.177854    -0.219542\n",
       " -0.159715  -0.0          0.00140014   0.0916911\n",
       "  0.177854   0.00140017  -0.0         -0.0795562\n",
       " -0.219542   0.0916911   -0.0795561   -0.0\n",
       "\n",
       "[:, :, 6, 5] =\n",
       " -0.0         0.0566532   0.0868458  -0.125663\n",
       "  0.0566532  -0.0        -0.162812   -0.167349\n",
       "  0.0868456  -0.162812   -0.0         0.60408\n",
       " -0.125663   -0.167349    0.60408    -0.0"
      ]
     },
     "execution_count": 3,
     "metadata": {},
     "output_type": "execute_result"
    }
   ],
   "source": [
    "n_samples = 6\n",
    "n_points = 4\n",
    "\n",
    "xs = rand(Float32, (n_points, 3, n_samples))\n",
    "xss = pairwise_rs(xs)\n",
    "rss = cart_to_sph(xss)\n",
    "\n",
    "ℓ = 2\n",
    "Ys = generate_Yℓms(ℓ)\n",
    "yss = rand(Float32, (n_points, n_points, n_samples, 2ℓ+1))\n",
    "\n",
    "rss_gpu = rss |> gpu\n",
    "yss_gpu = yss |> gpu\n",
    "\n",
    "centers = range(0f0, 3.5f0; length=4) |> collect\n",
    "f_test = FLayer(Ys, centers) |> gpu\n",
    "\n",
    "f_test(rss_gpu)"
   ]
  },
  {
   "cell_type": "code",
   "execution_count": 4,
   "metadata": {},
   "outputs": [
    {
     "name": "stderr",
     "output_type": "stream",
     "text": [
      "\u001b[32mProgress: 100%|█████████████████████████████████████████| Time: 0:00:36\u001b[39m\n"
     ]
    }
   ],
   "source": [
    "optim = Flux.setup(Flux.Adam(0.01), f_test)\n",
    "\n",
    "# Testing gradient\n",
    "losses = []\n",
    "@showprogress for epoch in 1:400\n",
    "    loss, grads = Flux.withgradient(f_test) do f\n",
    "        # Evaluate model and loss inside gradient context:\n",
    "        y_hat = f(rss_gpu)\n",
    "        Flux.mse(y_hat, yss_gpu)\n",
    "    end\n",
    "    Flux.update!(optim, f_test, grads[1])\n",
    "    push!(losses, loss)\n",
    "end"
   ]
  },
  {
   "cell_type": "code",
   "execution_count": null,
   "metadata": {},
   "outputs": [],
   "source": []
  }
 ],
 "metadata": {
  "kernelspec": {
   "display_name": "Julia 1.8.4",
   "language": "julia",
   "name": "julia-1.8"
  },
  "language_info": {
   "file_extension": ".jl",
   "mimetype": "application/julia",
   "name": "julia",
   "version": "1.8.4"
  },
  "orig_nbformat": 4
 },
 "nbformat": 4,
 "nbformat_minor": 2
}
