{
 "cells": [
  {
   "cell_type": "code",
   "execution_count": 1,
   "metadata": {},
   "outputs": [],
   "source": [
    "using Flux\n",
    "using Symbolics\n",
    "using SphericalHarmonics\n",
    "using CUDA\n",
    "using NNlib\n",
    "\n",
    "using TensorCast\n",
    "\n",
    "# Catching slow GPU errors\n",
    "CUDA.allowscalar(false)\n",
    "\n",
    "using BenchmarkTools\n",
    "using ProgressMeter\n",
    "\n",
    "include(\"utils.jl\")\n",
    "include(\"Spherical.jl\");"
   ]
  },
  {
   "attachments": {},
   "cell_type": "markdown",
   "metadata": {},
   "source": [
    "### Defining Data"
   ]
  },
  {
   "cell_type": "code",
   "execution_count": 4,
   "metadata": {},
   "outputs": [
    {
     "data": {
      "text/plain": [
       "4×3 Matrix{Int64}:\n",
       " 0  0  0\n",
       " 0  0  1\n",
       " 1  0  0\n",
       " 1  1  0"
      ]
     },
     "execution_count": 4,
     "metadata": {},
     "output_type": "execute_result"
    }
   ],
   "source": [
    "# Define Tetris Shapes\n",
    "tetris = [[0 0 0; 0 0 1; 1 0 0; 1 1 0],  # chiral_shape_1\n",
    "          [0 0 0; 0 0 1; 1 0 0; 1 -1 0], # chiral_shape_2\n",
    "          [0 0 0; 1 0 0; 0 1 0; 1 1 0],  # square\n",
    "          [0 0 0; 0 0 1; 0 0 2; 0 0 3],  # line\n",
    "          [0 0 0; 0 0 1; 0 1 0; 1 0 0],  # corner\n",
    "          [0 0 0; 0 0 1; 0 0 2; 0 1 0],  # T\n",
    "          [0 0 0; 0 0 1; 0 0 2; 0 1 1],  # zigzag\n",
    "          [0 0 0; 1 0 0; 1 1 0; 2 1 0]]  # L"
   ]
  },
  {
   "attachments": {},
   "cell_type": "markdown",
   "metadata": {},
   "source": [
    "### Testing Network Definition"
   ]
  },
  {
   "cell_type": "code",
   "execution_count": 2,
   "metadata": {},
   "outputs": [],
   "source": [
    "include(\"TFNLayers.jl\")"
   ]
  },
  {
   "cell_type": "code",
   "execution_count": 9,
   "metadata": {},
   "outputs": [
    {
     "data": {
      "text/plain": [
       "CLayer(FLayer(Chain(Dense(1 => 5, relu), Dense(5 => 5, relu), Dense(5 => 1, relu)), Function[var\"#46#47\"(), var\"#48#49\"(), var\"#50#51\"()], 1), Dict{Tuple{Int64, Int64}, CuArray{Float32}}((1, -1) => [1.0 0.0 0.0], (1, 1) => [0.0 0.0 1.0], (1, 0) => [0.0 1.0 0.0]), 0, 1, [(1, -1), (1, 0), (1, 1)])"
      ]
     },
     "execution_count": 9,
     "metadata": {},
     "output_type": "execute_result"
    }
   ],
   "source": [
    "n_samples = 100\n",
    "n_points = 4\n",
    "ℓi, ℓf, ℓos = 0, 1, [1]\n",
    "\n",
    "centers = range(0f0, 3.5f0; length=4) |> collect\n",
    "c_test = CLayer(ℓi, ℓf, ℓos, centers) |> gpu\n",
    "\n",
    "xs = rand(Float32, (n_points, 3, n_samples))\n",
    "xss = pairwise_rs(xs)\n",
    "rss = cart_to_sph(xss) |> gpu\n",
    "\n",
    "V = ones(Float32, (1, n_points, n_samples)) |> gpu\n",
    "#V = ones(Float32, (1, 4))\n",
    "\n",
    "outs_fake = rand(Float32, (n_points, n_samples)) |> gpu\n",
    "\n",
    "#C_out = c_test(rss, V)"
   ]
  },
  {
   "cell_type": "code",
   "execution_count": 14,
   "metadata": {},
   "outputs": [
    {
     "name": "stderr",
     "output_type": "stream",
     "text": [
      "\u001b[32mProgress: 100%|█████████████████████████████████████████| Time: 0:00:00\u001b[39m\n"
     ]
    }
   ],
   "source": [
    "optim = Flux.setup(Flux.Adam(0.01), c_test)\n",
    "\n",
    "losses = []\n",
    "@showprogress for epoch in 1:400\n",
    "    loss, grads = Flux.withgradient(c_test) do f\n",
    "        # Evaluate model and loss inside gradient context:\n",
    "        y_hat = f(rss, V)\n",
    "        Flux.mse(y_hat, outs_fake)\n",
    "    end\n",
    "    Flux.update!(optim, c_test, grads[1])\n",
    "    push!(losses, loss)\n",
    "end"
   ]
  },
  {
   "attachments": {},
   "cell_type": "markdown",
   "metadata": {},
   "source": [
    "### Testing Increasing Dimensionality"
   ]
  },
  {
   "cell_type": "code",
   "execution_count": 3,
   "metadata": {},
   "outputs": [
    {
     "data": {
      "text/plain": [
       "4×4×6×5 CuArray{Float32, 4, CUDA.Mem.DeviceBuffer}:\n",
       "[:, :, 1, 1] =\n",
       "  0.0           0.000515819   0.00211304  -0.00108708\n",
       "  0.000515819   0.0          -0.00021092  -0.00257853\n",
       "  0.00211304   -0.00021092    0.0          9.30606f-5\n",
       " -0.00108708   -0.00257853    9.30605f-5   0.0\n",
       "\n",
       "[:, :, 2, 1] =\n",
       " 0.0           0.00104856    0.000574914   0.000276161\n",
       " 0.00104856    0.0          -0.00492658   -0.000712044\n",
       " 0.000574913  -0.00492658    0.0          -0.0056656\n",
       " 0.000276162  -0.000712044  -0.0056656     0.0\n",
       "\n",
       "[:, :, 3, 1] =\n",
       "  0.0          -0.000731042  -0.000739708  -0.00184645\n",
       " -0.000731042   0.0           0.00113411   -0.0053443\n",
       " -0.000739708   0.00113411    0.0          -0.00436006\n",
       " -0.00184645   -0.0053443    -0.00436006    0.0\n",
       "\n",
       "[:, :, 4, 1] =\n",
       " 0.0         0.00311083  0.00172662  0.00642716\n",
       " 0.00311083  0.0         0.00120751  0.00209888\n",
       " 0.00172662  0.00120751  0.0         0.00445498\n",
       " 0.00642716  0.00209888  0.00445498  0.0\n",
       "\n",
       "[:, :, 5, 1] =\n",
       "  0.0          -9.49261f-5   0.000554043   0.000775831\n",
       " -9.49262f-5    0.0          0.000261675  -0.000953634\n",
       "  0.000554043   0.000261675  0.0           0.0015451\n",
       "  0.000775831  -0.000953634  0.0015451     0.0\n",
       "\n",
       "[:, :, 6, 1] =\n",
       "  0.0          -0.0045442    0.000368147   0.00351858\n",
       " -0.0045442     0.0         -0.00221583   -0.00121951\n",
       "  0.000368147  -0.00221583   0.0           0.00485689\n",
       "  0.00351858   -0.00121951   0.00485689    0.0\n",
       "\n",
       "[:, :, 1, 2] =\n",
       " -0.0           0.00425789    0.00421151    0.000102624\n",
       "  0.00425789   -0.0          -0.000169433   0.0045153\n",
       "  0.00421151   -0.000169433  -0.0           0.00544295\n",
       "  0.000102624   0.0045153     0.00544295   -0.0\n",
       "\n",
       "[:, :, 2, 2] =\n",
       " -0.0           0.000463449   0.00252082    0.000101707\n",
       "  0.000463449  -0.0          -0.000868538   0.000126401\n",
       "  0.00252082   -0.000868537  -0.0          -0.000746304\n",
       "  0.000101707   0.000126401  -0.000746304  -0.0\n",
       "\n",
       "[:, :, 3, 2] =\n",
       " -0.0           0.00408032    0.000551077  -0.00425438\n",
       "  0.00408032   -0.0           0.00302092    0.000875382\n",
       "  0.000551077   0.00302092   -0.0          -0.00307676\n",
       " -0.00425438    0.000875383  -0.00307676   -0.0\n",
       "\n",
       "[:, :, 4, 2] =\n",
       " -0.0           0.00234894   0.000647239   0.000346399\n",
       "  0.00234894   -0.0          0.00115166   -0.0021245\n",
       "  0.000647239   0.00115166  -0.0          -0.000133191\n",
       "  0.0003464    -0.0021245   -0.00013319   -0.0\n",
       "\n",
       "[:, :, 5, 2] =\n",
       " -0.0           0.000316411  -0.000847877  -0.00404262\n",
       "  0.000316411  -0.0          -0.000661813  -0.000317501\n",
       " -0.000847877  -0.000661813  -0.0          -0.00492909\n",
       " -0.00404261   -0.0003175    -0.00492909   -0.0\n",
       "\n",
       "[:, :, 6, 2] =\n",
       " -0.0           0.00370163  -0.000696338   0.000660522\n",
       "  0.00370163   -0.0         -0.00217113    0.00051288\n",
       " -0.000696338  -0.00217113  -0.0          -0.00404697\n",
       "  0.000660522   0.00051288  -0.00404697   -0.0\n",
       "\n",
       "[:, :, 1, 3] =\n",
       "  0.0         0.00220312   0.00378232   -0.00147923\n",
       "  0.00220312  0.0          0.000287429   0.00136037\n",
       "  0.00378232  0.000287429  0.0           0.0046632\n",
       " -0.00147923  0.00136038   0.0046632     0.0\n",
       "\n",
       "[:, :, 2, 3] =\n",
       "  0.0         -0.00160007   -0.00136293  -0.00219287\n",
       " -0.00160007   0.0          -0.00298076  -0.00042986\n",
       " -0.00136293  -0.00298076    0.0         -0.00349653\n",
       " -0.00219287  -0.000429861  -0.00349653   0.0\n",
       "\n",
       "[:, :, 3, 3] =\n",
       " 0.0          0.0054555    8.3222f-5     0.00387941\n",
       " 0.0054555    0.0          0.00314867   -0.00326022\n",
       " 8.3222f-5    0.00314867   0.0          -0.000817181\n",
       " 0.00387941  -0.00326022  -0.000817179   0.0\n",
       "\n",
       "[:, :, 4, 3] =\n",
       "  0.0          -0.000339748  -0.00086767   -0.00404288\n",
       " -0.000339747   0.0           0.000644291   0.000458452\n",
       " -0.00086767    0.000644291   0.0          -0.00306675\n",
       " -0.00404288    0.000458451  -0.00306675    0.0\n",
       "\n",
       "[:, :, 5, 3] =\n",
       " 0.0          0.00506141  0.00123706   0.00451135\n",
       " 0.00506141   0.0         0.00648568  -0.00140938\n",
       " 0.00123706   0.00648568  0.0          0.00597823\n",
       " 0.00451135  -0.00140938  0.00597823   0.0\n",
       "\n",
       "[:, :, 6, 3] =\n",
       "  0.0         -0.00146569   0.00321671   -0.00233018\n",
       " -0.00146569   0.0         -0.00238296   -0.00180876\n",
       "  0.0032167   -0.00238296   0.0          -0.000855867\n",
       " -0.00233018  -0.00180876  -0.000855864   0.0\n",
       "\n",
       "[:, :, 1, 4] =\n",
       " -0.0           0.000666708   0.00434763   -0.000469689\n",
       "  0.000666708  -0.0           0.00278782   -0.00295287\n",
       "  0.00434763    0.00278782   -0.0           0.00016445\n",
       " -0.000469689  -0.00295287    0.000164449  -0.0\n",
       "\n",
       "[:, :, 2, 4] =\n",
       " -0.0           0.00393113    0.000219665   0.00383536\n",
       "  0.00393113   -0.0           0.00134139   -0.000194409\n",
       "  0.000219665   0.00134139   -0.0           0.001152\n",
       "  0.00383536   -0.000194409   0.001152     -0.0\n",
       "\n",
       "[:, :, 3, 4] =\n",
       " -0.0         -0.00186609   -0.00290282   0.00372474\n",
       " -0.00186609  -0.0           0.00248144  -0.000595887\n",
       " -0.00290282   0.00248144   -0.0          0.00478543\n",
       "  0.00372474  -0.000595887   0.00478543  -0.0\n",
       "\n",
       "[:, :, 4, 4] =\n",
       " -0.0           0.00385832   0.000606627   0.000532618\n",
       "  0.00385832   -0.0          0.00311751   -0.00297725\n",
       "  0.000606627   0.00311751  -0.0          -0.000245914\n",
       "  0.000532619  -0.00297725  -0.000245913  -0.0\n",
       "\n",
       "[:, :, 5, 4] =\n",
       " -0.0         -0.00275572  -0.00188376  -0.0017073\n",
       " -0.00275572  -0.0         -0.00482597   6.39764f-5\n",
       " -0.00188376  -0.00482597  -0.0         -0.00374841\n",
       " -0.0017073    6.39764f-5  -0.00374841  -0.0\n",
       "\n",
       "[:, :, 6, 4] =\n",
       " -0.0          -0.00272549   -0.00344699    0.00037349\n",
       " -0.00272549   -0.0           0.000548561  -0.00397516\n",
       " -0.00344699    0.000548562  -0.0          -0.00404982\n",
       "  0.000373491  -0.00397516   -0.00404982   -0.0\n",
       "\n",
       "[:, :, 1, 5] =\n",
       "  0.0         -0.00160674   6.72281f-5   0.00236892\n",
       " -0.00160674   0.0          0.00172881  -0.0011283\n",
       "  6.7228f-5    0.00172881   0.0         -0.00153865\n",
       "  0.00236892  -0.0011283   -0.00153865   0.0\n",
       "\n",
       "[:, :, 2, 5] =\n",
       "  0.0         0.0043853    -0.00327373  0.00520335\n",
       "  0.0043853   0.0           0.00220939  0.000316093\n",
       " -0.00327373  0.00220939    0.0         0.00253756\n",
       "  0.00520335  0.000316093   0.00253756  0.0\n",
       "\n",
       "[:, :, 3, 5] =\n",
       "  0.0          -0.000632068   0.00187801   -0.000246211\n",
       " -0.000632068   0.0          -0.000224546  -0.00210652\n",
       "  0.00187801   -0.000224546   0.0           0.00198907\n",
       " -0.000246212  -0.00210652    0.00198907    0.0\n",
       "\n",
       "[:, :, 4, 5] =\n",
       "  0.0          0.00160796   -0.000111965  0.00285115\n",
       "  0.00160796   0.0           0.0014113    0.000721818\n",
       " -0.000111966  0.0014113     0.0          0.00290624\n",
       "  0.00285114   0.000721818   0.00290624   0.0\n",
       "\n",
       "[:, :, 5, 5] =\n",
       "  0.0           0.00040792    0.000490782  -0.000754693\n",
       "  0.00040792    0.0           0.000936133  -0.00227026\n",
       "  0.000490782   0.000936133   0.0          -0.000428387\n",
       " -0.000754693  -0.00227026   -0.000428387   0.0\n",
       "\n",
       "[:, :, 6, 5] =\n",
       "  0.0          -0.00141293   0.000874011  -0.00211653\n",
       " -0.00141293    0.0         -0.00410505    0.00464733\n",
       "  0.000874011  -0.00410505   0.0           3.41928f-6\n",
       " -0.00211653    0.00464733   3.41839f-6    0.0"
      ]
     },
     "execution_count": 3,
     "metadata": {},
     "output_type": "execute_result"
    }
   ],
   "source": [
    "n_samples = 6\n",
    "n_points = 4\n",
    "\n",
    "xs = rand(Float32, (n_points, 3, n_samples))\n",
    "xss = pairwise_rs(xs)\n",
    "rss = cart_to_sph(xss)\n",
    "\n",
    "ℓ = 2\n",
    "Ys = generate_Yℓms(ℓ)\n",
    "yss = rand(Float32, (n_points, n_points, n_samples, 2ℓ+1))\n",
    "\n",
    "rss_gpu = rss |> gpu\n",
    "yss_gpu = yss |> gpu\n",
    "\n",
    "centers = range(0f0, 3.5f0; length=4) |> collect\n",
    "f_test = FLayer(Ys, centers) |> gpu\n",
    "\n",
    "f_test(rss_gpu)"
   ]
  },
  {
   "cell_type": "code",
   "execution_count": 5,
   "metadata": {},
   "outputs": [
    {
     "name": "stderr",
     "output_type": "stream",
     "text": [
      "\u001b[32mProgress: 100%|█████████████████████████████████████████| Time: 0:00:01\u001b[39m\n"
     ]
    }
   ],
   "source": [
    "optim = Flux.setup(Flux.Adam(0.01), f_test)\n",
    "\n",
    "# Testing gradient\n",
    "losses = []\n",
    "@showprogress for epoch in 1:400\n",
    "    loss, grads = Flux.withgradient(f_test) do f\n",
    "        # Evaluate model and loss inside gradient context:\n",
    "        y_hat = f(rss_gpu)\n",
    "        Flux.mse(y_hat, yss_gpu)\n",
    "    end\n",
    "    Flux.update!(optim, f_test, grads[1])\n",
    "    push!(losses, loss)\n",
    "end"
   ]
  },
  {
   "cell_type": "code",
   "execution_count": null,
   "metadata": {},
   "outputs": [],
   "source": []
  }
 ],
 "metadata": {
  "kernelspec": {
   "display_name": "Julia 1.8.4",
   "language": "julia",
   "name": "julia-1.8"
  },
  "language_info": {
   "file_extension": ".jl",
   "mimetype": "application/julia",
   "name": "julia",
   "version": "1.8.4"
  },
  "orig_nbformat": 4
 },
 "nbformat": 4,
 "nbformat_minor": 2
}
